12.50000 92.00000
11.70000 91.80000
11.10000 91.80000
11.00000 92.10000
10.30000 91.90000
9.30000 91.80000
8.80000 92.00000
7.80000 92.40000
6.80000 93.00000
5.90000 93.00000
5.30000 92.90000
4.20000 93.10000
3.80000 93.60000
> 
2.90000 94.50000
2.30000 94.90000
2.10000 95.40000
1.50000 96.20000
0.80000 96.80000
-0.30000 97.40000
-1.30000 97.90000
-2.00000 98.60000
-2.80000 99.10000
-2.80000 99.50000
-3.20000 99.70000
-4.00000 100.20000
-4.60000 100.80000
-5.10000 101.40000
-6.30000 102.30000
-6.40000 102.80000
-7.00000 103.40000
-7.30000 104.10000
-7.10000 104.40000
-7.40000 105.00000
-7.60000 105.70000
-7.50000 106.10000
-7.80000 106.40000
-8.00000 107.00000
-8.30000 107.80000
-8.50000 108.50000
-8.80000 109.30000
-9.00000 110.30000
-9.00000 110.90000
-9.30000 111.60000
-9.40000 112.60000
-9.30000 113.20000
-9.20000 113.50000
-9.30000 114.40000
-9.40000 114.90000
> 
53.09000 -164.03101
53.54120 -162.06100
54.10070 -160.48500
54.56540 -158.91100
54.94730 -157.03600
55.34950 -155.61400
55.75710 -153.96400
56.26530 -152.27600
56.96380 -150.77299
57.55970 -149.51601
58.15480 -148.03300
58.62360 -146.79800
58.99090 -145.94200
59.12410 -145.37300
59.11760 -144.03300
59.11250 -142.9950
> 
50.61070 -178.64200
50.75490 -176.75200
50.85080 -174.84399
51.17090 -172.74400
51.54640 -170.45399
51.97700 -168.16400
52.51860 -165.89000
> 
55.19050 163.96899
54.96150 164.34200
54.56450 165.24200
53.86050 166.79700
53.07480 168.65401
52.50640 170.23000
51.96430 172.01500
51.52440 173.29201
51.25750 174.61000
50.91590 176.22800
50.68040 177.71600
50.63340 179.56500
> 
-9.50000 116.40000
-10.20000 118.10000
-10.30000 119.90000
-10.30000 122.40000
> 
34.50000 138.30000
34.10000 136.50000
33.60000 135.30000
32.60000 133.70000
31.70000 132.39999
30.40000 131.00000
29.20000 130.50000
28.20000 129.89999
27.10000 129.00000
25.90000 128.10001
24.80000 127.20000
24.00000 125.90000
23.60000 124.80000
23.20000 123.20000
22.90000 121.90000
22.30000 121.60000
21.40000 121.80000
20.10000 122.20000
18.90000 122.40000
17.80000 122.50000
16.00000 122.50000
14.80000 123.60000
13.80000 124.30000
12.20000 125.10000
10.60000 125.90000
8.90000 126.40000
7.60000 126.70000
6.10000 126.90000
4.90000 128.10001
4.00000 128.70000
2.70000 130.00000
1.90000 130.50000
> 
1.20000 131.00000
1.00000 131.80000
0.70000 132.60001
0.50000 133.39999
0.20000 134.30000
0.00000 135.10001
-0.20000 135.39999
-0.50000 135.70000
-0.70000 135.89999
-1.00000 136.20000
-1.20000 136.50000
> 
3.10000 132.10001
4.50000 133.39999
5.90000 134.30000
7.80000 135.39999
8.10000 136.70000
8.80000 137.80000
10.10000 138.60001
10.70000 140.60001
11.20000 142.30000
12.30000 144.80000
13.90000 146.60001
15.60000 147.30000
17.50000 147.30000
18.80000 146.89999
20.30000 146.39999
21.80000 145.70000
24.30000 144.89999
25.80000 144.39999
27.50000 143.70000
30.10000 142.50000
31.40000 142.20000
32.70000 141.39999
34.00000 140.20000
> 
22.70000 -107.90000
22.30000 -108.10000
21.70000 -108.40000
20.90000 -108.80000
20.20000 -109.20000
19.80000 -109.40000
19.70000 -109.20000
19.40000 -108.60000
19.20000 -107.90000
18.90000 -107.10000
18.50000 -106.30000
18.20000 -105.60000
18.10000 -105.30000
17.30000 -105.40000
16.50000 -105.40000
15.20000 -105.40000
15.20000 -105.00000
15.20000 -104.40000
14.30000 -104.40000
13.00000 -104.40000
11.90000 -104.40000
11.00000 -104.40000
10.40000 -104.30000
10.20000 -104.00000
10.10000 -103.70000
9.50000 -103.70000
8.90000 -103.60000
8.50000 -103.60000
8.50000 -103.10000
8.40000 -102.60000
7.90000 -102.60000
7.00000 -102.60000
6.20000 -102.60000
5.50000 -102.60000
4.90000 -102.60000
4.30000 -102.60000
3.50000 -102.60000
2.70000 -102.60000
2.30000 -102.60000
> 
7.30000 -82.70000
7.50000 -83.00000
7.70000 -83.40000
8.00000 -83.80000
8.30000 -84.20000
8.70000 -84.60000
9.10000 -85.20000
9.50000 -85.70000
10.00000 -86.20000
10.40000 -86.70000
10.80000 -87.20000
11.10000 -87.80000
11.50000 -88.50000
11.70000 -89.00000
12.00000 -89.60000
12.20000 -90.10000
12.40000 -90.50000
> 
12.70000 -91.00000
13.00000 -91.50000
13.20000 -92.10000
13.60000 -92.70000
13.90000 -93.30000
14.30000 -93.80000
14.60000 -94.50000
14.80000 -95.10000
15.00000 -95.80000
15.10000 -96.40000
15.20000 -97.00000
15.30000 -97.60000
15.60000 -98.30000
15.80000 -98.80000
16.10000 -99.40000
16.30000 -99.90000
16.60000 -100.70000
16.90000 -101.40000
17.20000 -102.10000
17.60000 -102.90000
18.00000 -103.60000
18.40000 -104.30000
18.90000 -104.80000
19.20000 -105.20000
19.60000 -105.60000
20.20000 -105.70000
20.60000 -105.70000
21.20000 -105.60000
21.60000 -105.90000
21.90000 -106.20000
22.10000 -106.80000
22.40000 -107.30000
22.60000 -107.60000
> 
2.20000 -102.40000
2.20000 -102.20000
2.20000 -101.30000
2.10000 -100.50000
2.10000 -99.70000
2.10000 -98.60000
2.10000 -97.60000
2.10000 -96.70000
2.10000 -95.80000
2.10000 -95.00000
2.10000 -94.20000
2.00000 -93.10000
2.00000 -92.10000
1.90000 -91.00000
1.60000 -90.60000
1.10000 -90.60000
1.10000 -89.60000
1.10000 -88.40000
1.10000 -87.40000
1.00000 -85.90000
0.90000 -85.20000
1.40000 -85.20000
1.80000 -85.20000
1.80000 -84.50000
2.50000 -84.50000
3.40000 -84.50000
3.50000 -83.70000
3.50000 -83.00000
3.50000 -82.40000
4.00000 -82.50000
4.60000 -82.40000
5.20000 -82.50000
5.90000 -82.50000
6.50000 -82.50000
6.90000 -82.50000
7.00000 -82.50000
> >
3.70000 -78.20000
4.30000 -77.90000
4.90000 -77.80000
5.40000 -77.80000
6.00000 -78.00000
6.50000 -78.10000
7.10000 -78.40000
7.40000 -78.70000
7.50000 -79.10000
7.50000 -79.50000
7.20000 -79.90000
7.00000 -80.30000
6.90000 -80.80000
7.00000 -81.30000
7.10000 -81.70000
7.20000 -82.00000
7.20000 -82.40000
> >
3.60000 -78.10000
3.80000 -77.50000
4.30000 -76.40000
4.90000 -75.40000
5.50000 -74.40000
6.20000 -73.50000
7.00000 -72.70000
7.70000 -72.00000
8.40000 -71.40000
9.20000 -70.70000
9.90000 -70.10000
10.30000 -69.30000
10.40000 -68.10000
10.50000 -66.60000
10.40000 -65.20000
10.40000 -64.00000
10.40000 -62.60000
10.40000 -61.70000
> >
19.80000 -66.00000
20.00000 -67.10000
20.10000 -67.90000
20.10000 -68.80000
20.10000 -69.70000
20.10000 -70.80000
20.10000 -71.90000
19.90000 -72.80000
19.90000 -73.60000
19.70000 -74.70000
19.50000 -75.80000
19.10000 -77.00000
18.80000 -78.40000
18.40000 -79.70000
18.10000 -81.00000
17.80000 -82.10000
17.50000 -83.40000
17.00000 -84.60000
16.50000 -85.70000
16.10000 -86.60000
> >
23.00000 -108.00000
23.50000 -108.30000
24.10000 -108.70000
24.50000 -109.00000
24.60000 -109.10000
24.70000 -109.10000
24.90000 -109.20000
> >
-53.60000 -74.30000
-54.40000 -73.10000
-54.90000 -72.00000
-55.40000 -70.80000
-55.60000 -69.00000
-55.60000 -66.90000
-55.50000 -65.70000
-55.60000 -64.80000
-55.70000 -63.40000
-55.80000 -62.30000
-56.00000 -60.10000
> >
-45.30000 -76.20000
-44.80000 -76.20000
-43.90000 -76.20000
-43.00000 -75.90000
-41.80000 -75.70000
-40.50000 -75.60000
-38.90000 -75.10000
-37.60000 -74.30000
-36.40000 -73.50000
-35.10000 -73.10000
-33.70000 -72.70000
-32.00000 -72.60000
-30.20000 -72.10000
-28.50000 -71.60000
-26.60000 -71.20000
-24.90000 -70.80000
-23.40000 -70.60000
-22.20000 -70.80000
-21.20000 -71.20000
-20.40000 -71.60000
-19.50000 -72.20000
-18.10000 -73.10000
-17.40000 -74.00000
-16.60000 -75.00000
-15.90000 -75.80000
-15.10000 -76.80000
-13.90000 -77.90000
-12.80000 -78.70000
-11.70000 -79.50000
-10.50000 -80.10000
-9.40000 -80.60000
-7.80000 -81.00000
-6.50000 -81.30000
-5.40000 -81.30000
-4.10000 -81.30000
-2.50000 -81.00000
-1.20000 -80.90000
0.30000 -80.30000
1.00000 -79.80000
1.90000 -79.10000
2.20000 -78.80000
2.60000 -78.30000
> >
-35.10000 -110.90000
-35.20000 -110.20000
-35.20000 -108.90000
-35.30000 -107.70000
-35.50000 -106.60000
-35.70000 -105.30000
-35.80000 -103.70000
-35.90000 -101.80000
-36.10000 -100.30000
-36.30000 -98.40000
-36.40000 -97.00000
-36.50000 -96.30000
-37.10000 -96.30000
-37.20000 -94.60000
-37.40000 -93.60000
-38.40000 -93.70000
-38.80000 -92.50000
-39.10000 -91.80000
-40.30000 -91.70000
-41.20000 -91.10000
-41.30000 -88.70000
-41.50000 -86.40000
-41.70000 -84.70000
-41.80000 -83.90000
-41.90000 -83.10000
-43.30000 -82.90000
-44.30000 -82.70000
-44.80000 -82.30000
-44.90000 -80.60000
-45.00000 -79.60000
-45.20000 -78.50000
-45.60000 -77.30000
-45.60000 -76.60000
> >
1.50000 -102.40000
-0.50000 -102.60000
-2.90000 -102.80000
-4.10000 -102.80000
-4.30000 -104.30000
-4.70000 -105.70000
-4.90000 -106.30000
-6.40000 -107.00000
-8.10000 -107.60000
-9.00000 -107.80000
-9.30000 -109.20000
-9.40000 -109.90000
-11.00000 -110.60000
-12.60000 -111.20000
-13.60000 -111.40000
-13.70000 -112.20000
-15.70000 -112.60000
-17.80000 -113.10000
-19.40000 -113.50000
-20.00000 -113.70000
-20.70000 -113.90000
-20.70000 -114.20000
-22.70000 -114.50000
-22.80000 -115.20000
-24.10000 -115.10000
-24.00000 -111.60000
-27.90000 -113.20000
-28.10000 -112.70000
-28.80000 -113.00000
-28.90000 -112.40000
-29.50000 -112.60000
-29.50000 -112.10000
-31.10000 -112.10000
-32.00000 -112.10000
-33.80000 -112.00000
-34.90000 -112.00000
> >
75.70000 7.70000
75.70000 7.70000
75.70000 7.70000
75.70000 7.70000
75.70000 7.70000
75.70000 7.70000
75.70000 7.70000
75.70000 7.70000
74.30000 10.40000
74.00000 9.80000
73.80000 9.00000
73.40000 7.70000
73.00000 6.60000
72.60000 4.80000
72.30000 3.10000
72.10000 1.10000
71.80000 -0.70000
71.60000 -2.30000
71.30000 -4.60000
71.30000 -6.60000
71.30000 -8.60000
71.40000 -9.70000
71.40000 -11.10000
71.40000 -12.20000
71.10000 -13.20000
70.90000 -14.30000
70.90000 -14.30000
70.90000 -14.30000
70.90000 -14.30000
70.90000 -14.30000
70.90000 -14.30000
70.90000 -14.30000
70.90000 -13.90000
70.30000 -14.80000
70.30000 -15.20000
69.80000 -16.00000
69.00000 -16.80000
69.10000 -17.10000
68.40000 -18.00000
67.60000 -18.80000
66.50000 -19.80000
65.60000 -20.60000
64.40000 -21.70000
63.70000 -22.60000
63.80000 -22.80000
62.10000 -26.20000
60.70000 -28.50000
59.40000 -30.60000
57.60000 -33.40000
57.00000 -34.20000
57.00000 -33.80000
55.90000 -34.90000
54.90000 -35.20000
52.70000 -35.00000
52.60000 -33.40000
52.50000 -31.70000
52.20000 -31.70000
52.10000 -29.90000
50.80000 -29.90000
49.80000 -28.70000
49.50000 -28.50000
48.40000 -27.90000
47.50000 -27.50000
47.50000 -27.30000
46.70000 -27.30000
> >
39.40000 -29.60000
38.70000 -27.70000
38.10000 -26.20000
37.80000 -26.20000
37.30000 -24.60000
37.10000 -24.70000
36.80000 -23.90000
36.90000 -23.90000
37.10000 -20.20000
37.40000 -17.40000
37.50000 -16.00000
37.10000 -14.30000
37.00000 -13.30000
36.70000 -13.40000
36.50000 -11.50000
36.80000 -10.60000
37.00000 -9.70000
36.50000 -7.70000
35.90000 -6.20000
35.80000 -5.40000
> >
46.70000 -27.30000
44.10000 -28.70000
42.90000 -29.10000
42.20000 -29.30000
42.30000 -29.00000
41.80000 -29.30000
41.80000 -29.00000
40.60000 -29.30000
40.50000 -29.50000
39.40000 -29.60000
39.40000 -29.90000
38.40000 -30.20000
38.40000 -30.60000
37.10000 -31.80000
37.00000 -32.90000
35.10000 -34.90000
35.10000 -36.30000
34.50000 -36.80000
34.10000 -37.20000
34.10000 -37.60000
33.50000 -38.20000
33.50000 -38.40000
32.90000 -39.10000
33.10000 -39.50000
31.80000 -40.50000
31.80000 -41.00000
30.00000 -42.10000
30.10000 -42.60000
28.30000 -43.70000
26.30000 -44.70000
25.00000 -45.40000
25.00000 -45.80000
24.00000 -46.10000
23.60000 -44.80000
22.10000 -44.80000
22.10000 -45.50000
21.30000 -45.50000
21.30000 -45.70000
20.50000 -45.70000
20.50000 -45.60000
19.80000 -45.60000
19.80000 -45.90000
19.00000 -45.80000
18.90000 -46.20000
18.00000 -46.20000
18.00000 -46.40000
15.40000 -46.60000
15.20000 -45.00000
12.70000 -44.90000
12.60000 -44.00000
12.10000 -44.00000
12.10000 -43.60000
11.00000 -43.60000
10.80000 -40.90000
10.70000 -40.90000
10.10000 -40.80000
10.10000 -40.70000
8.90000 -40.60000
8.90000 -39.90000
8.20000 -39.90000
8.20000 -38.00000
7.70000 -37.90000
7.70000 -35.90000
7.00000 -35.70000
6.90000 -33.30000
5.50000 -33.20000
5.60000 -32.70000
4.00000 -32.60000
4.00000 -31.10000
2.10000 -31.00000
0.80000 -30.60000
1.10000 -27.20000
0.50000 -27.10000
0.60000 -25.00000
-1.30000 -24.50000
-1.30000 -24.50000
-1.30000 -24.50000
-1.30000 -24.50000
-1.30000 -24.50000
-1.30000 -24.50000
-1.30000 -24.50000
-0.90000 -22.10000
-0.40000 -19.30000
-0.50000 -19.20000
0.20000 -16.60000
-0.60000 -16.40000
-0.50000 -16.10000
-1.70000 -15.70000
-0.90000 -13.30000
-2.00000 -12.90000
-1.90000 -12.30000
-2.90000 -12.00000
-3.20000 -12.50000
-4.10000 -12.30000
-5.60000 -12.10000
-5.30000 -11.40000
-6.00000 -11.10000
-6.00000 -11.50000
-6.80000 -11.30000
-7.30000 -13.50000
-8.30000 -13.40000
-8.40000 -13.10000
-9.00000 -13.00000
-9.00000 -13.30000
-9.50000 -13.30000
-9.50000 -13.40000
-11.30000 -13.00000
-11.70000 -15.00000
-12.40000 -15.00000
-12.50000 -14.80000
-12.80000 -14.70000
-12.80000 -14.60000
-13.30000 -14.50000
-13.20000 -14.10000
-13.90000 -14.00000
-14.00000 -14.10000
-14.80000 -14.00000
-14.90000 -14.10000
-15.40000 -13.90000
-15.30000 -13.30000
-16.20000 -13.10000
-16.40000 -13.70000
-17.70000 -13.40000
-17.80000 -13.60000
-18.00000 -13.40000
-18.10000 -13.70000
-18.40000 -13.80000
-18.30000 -13.00000
-19.00000 -12.90000
-18.90000 -12.30000
-19.10000 -12.30000
-19.20000 -12.50000
-19.70000 -12.40000
-19.70000 -12.00000
-20.60000 -11.90000
-20.60000 -11.80000
-20.90000 -11.70000
-20.90000 -11.50000
-21.80000 -11.30000
-21.90000 -12.00000
-22.30000 -12.00000
-22.50000 -13.20000
-23.30000 -13.00000
-23.30000 -13.10000
-23.60000 -13.10000
-23.60000 -13.50000
-24.00000 -13.50000
-24.00000 -13.20000
-24.30000 -13.10000
-24.40000 -13.60000
-24.90000 -13.50000
-24.90000 -13.80000
-25.70000 -13.60000
-25.70000 -13.90000
-26.60000 -13.70000
-26.60000 -13.90000
-27.20000 -13.70000
-27.30000 -13.50000
-27.80000 -13.40000
-27.70000 -13.00000
-28.90000 -12.70000
-29.00000 -12.40000
-29.50000 -12.30000
-29.80000 -13.40000
-30.90000 -13.20000
-31.00000 -14.10000
-31.50000 -14.00000
-31.40000 -13.70000
-31.90000 -13.70000
-31.90000 -13.80000
-32.30000 -13.70000
-32.40000 -14.20000
-33.20000 -14.10000
-33.30000 -14.40000
-33.70000 -14.40000
-33.70000 -14.60000
-34.10000 -14.50000
-34.20000 -15.50000
-34.70000 -15.40000
-34.80000 -16.30000
-35.10000 -16.30000
-35.20000 -16.70000
-35.60000 -16.70000
-35.70000 -17.60000
-35.90000 -17.60000
-35.90000 -18.00000
-37.00000 -17.90000
-37.10000 -17.50000
-37.40000 -17.40000
-37.40000 -16.60000
-37.90000 -16.50000
-37.90000 -16.20000
-38.30000 -16.10000
-38.30000 -16.30000
-39.30000 -16.10000
-39.30000 -16.40000
-40.20000 -16.30000
-40.20000 -16.60000
-40.70000 -16.60000
-40.80000 -16.80000
-41.10000 -16.70000
-41.10000 -16.30000
-42.50000 -16.00000
-42.50000 -16.30000
-44.50000 -16.10000
-44.50000 -16.30000
-45.50000 -16.10000
-45.50000 -14.90000
-45.90000 -14.80000
-45.90000 -14.10000
-46.70000 -14.10000
-47.40000 -14.20000
-47.70000 -12.40000
-47.70000 -11.10000
-48.00000 -9.80000
-48.90000 -8.30000
-49.60000 -7.30000
-50.20000 -6.60000
-51.10000 -5.90000
-52.00000 -5.10000
-52.70000 -4.30000
-53.70000 -3.50000
-54.50000 -3.00000
-54.90000 -2.70000
> >
-56.00000 -60.00000
-55.90000 -57.50000
-55.70000 -55.00000
-55.60000 -52.50000
-55.50000 -50.00000
-55.40000 -48.20000
-55.20000 -46.50000
-55.10000 -44.70000
-55.00000 -43.00000
-55.00000 -42.20000
-54.90000 -41.50000
-54.80000 -40.70000
-54.80000 -40.00000
-54.80000 -37.50000
-54.80000 -35.00000
-54.80000 -32.50000
-54.80000 -30.00000
-54.80000 -29.30000
-54.90000 -28.50000
-55.00000 -27.80000
> >
-60.70000 -24.90000
-60.80000 -24.30000
-61.00000 -23.20000
-60.90000 -22.20000
-60.70000 -21.10000
-60.50000 -20.00000
-60.20000 -18.90000
-59.70000 -17.70000
-59.30000 -16.70000
-58.70000 -15.10000
-58.40000 -14.10000
-58.10000 -12.60000
-57.70000 -10.60000
-57.30000 -8.60000
-56.70000 -6.70000
-56.10000 -5.10000
-55.50000 -3.30000
-55.30000 -2.70000
> >
-55.30000 -2.70000
-54.80000 -0.80000
-55.30000 0.30000
-53.80000 3.00000
-54.30000 4.70000
-54.30000 4.80000
-54.50000 5.70000
-53.90000 6.50000
-54.30000 8.00000
-52.80000 9.80000
-52.90000 10.10000
-51.70000 12.10000
-52.40000 13.10000
-51.70000 14.10000
-52.20000 15.00000
-51.80000 15.70000
-52.60000 18.70000
-52.50000 18.80000
-52.70000 19.60000
-52.40000 19.80000
-52.50000 20.00000
-52.70000 19.00000
-53.00000 19.90000
-52.80000 20.00000
-53.10000 20.60000
-52.80000 21.10000
-53.20000 21.90000
-53.00000 22.10000
-53.60000 23.80000
-47.00000 30.10000
-46.70000 33.60000
-46.10000 33.90000
-46.10000 35.00000
-44.90000 35.50000
-44.60000 38.30000
-44.20000 38.40000
-43.70000 39.30000
-43.50000 41.90000
-40.50000 43.10000
-40.30000 46.00000
-38.80000 46.40000
-37.20000 52.30000
-36.20000 52.40000
-36.00000 53.40000
-35.50000 53.40000
-35.40000 54.10000
-34.90000 54.20000
-34.30000 55.60000
-34.00000 55.50000
-33.80000 56.30000
-32.70000 56.50000
-32.60000 57.10000
-31.20000 57.70000
-31.10000 58.50000
-30.40000 58.60000
-30.10000 59.90000
-29.30000 59.90000
-29.20000 60.70000
-28.70000 60.80000
-28.60000 62.70000
-28.30000 62.80000
-28.30000 63.10000
-28.10000 63.20000
-28.10000 64.10000
-27.80000 64.10000
-27.70000 65.50000
-27.60000 65.50000
-27.40000 66.60000
-27.20000 66.60000
-27.20000 67.20000
-26.70000 67.40000
-26.50000 68.10000
-26.30000 68.10000
-25.70000 70.10000
-25.60000 70.10000
> >
2.00000 66.50000
3.10000 65.30000
2.60000 64.70000
7.00000 59.20000
7.30000 59.40000
10.40000 56.90000
13.00000 58.20000
14.70000 56.10000
14.50000 55.80000
15.20000 54.50000
14.20000 53.80000
14.60000 53.10000
14.40000 52.90000
14.60000 52.60000
14.40000 52.40000
14.60000 51.80000
13.10000 51.00000
13.50000 50.20000
13.10000 49.80000
13.00000 48.80000
12.60000 48.20000
12.40000 46.50000
12.20000 46.30000
11.80000 43.60000
11.80000 43.40000
> >
2.00000 66.50000
0.30000 67.30000
0.00000 66.90000
-0.90000 67.50000
-0.80000 67.60000
-3.60000 68.90000
-4.70000 67.90000
-5.70000 68.30000
-6.40000 67.60000
-8.30000 68.30000
-10.30000 65.50000
-11.10000 66.00000
-11.70000 65.30000
-13.30000 66.50000
-13.80000 66.10000
-16.20000 67.70000
-17.90000 65.10000
-20.10000 66.20000
-19.40000 67.70000
-22.40000 69.40000
-22.80000 69.00000
-25.60000 70.10000
> >
-25.60000 70.10000
-26.30000 70.80000
-26.20000 71.20000
-27.50000 72.80000
-27.40000 73.00000
-28.20000 74.20000
-28.40000 74.10000
-29.50000 75.50000
-30.20000 74.80000
-32.90000 78.10000
-33.70000 77.40000
-35.10000 79.10000
-35.80000 78.30000
-36.30000 79.00000
-39.10000 75.90000
-42.20000 79.60000
-41.20000 81.10000
-43.20000 83.50000
-41.80000 85.30000
-43.00000 87.20000
-42.00000 88.30000
-46.00000 95.50000
-46.30000 95.10000
-48.20000 99.70000
-47.60000 100.40000
-51.20000 114.30000
-50.40000 114.80000
-50.70000 115.90000
-49.80000 116.40000
-50.10000 118.00000
-49.80000 118.10000
-49.90000 118.60000
-49.70000 118.80000
-50.20000 121.70000
-49.20000 122.30000
-49.30000 122.90000
-49.80000 122.70000
-50.00000 123.70000
-49.60000 123.90000
-49.70000 124.50000
-49.40000 124.50000
-49.40000 124.80000
-49.10000 125.00000
-49.20000 125.40000
-49.30000 125.40000
-49.40000 125.80000
-49.60000 125.70000
-49.70000 126.60000
-48.90000 126.90000
-49.00000 127.70000
-49.90000 127.50000
-50.30000 130.80000
-50.10000 130.89999
-50.10000 132.30000
-50.30000 132.30000
-50.30000 134.20000
-50.40000 134.39999
-50.40000 136.00000
-50.80000 136.39999
-50.60000 137.70000
-52.00000 138.60001
-51.90000 139.60001
-52.80000 140.00000
-52.70000 140.80000
-54.20000 141.20000
-53.80000 143.60001
-55.10000 144.10001
-54.90000 145.39999
-56.00000 146.10001
-55.80000 147.00000
-57.50000 147.80000
-57.40000 149.00000
-59.50000 150.30000
-59.40000 151.30000
-59.90000 151.89999
-59.70000 152.89999
-62.60000 156.80000
-61.40000 160.89999
> >
-38.40000 -111.70000
-40.70000 -112.20000
-42.70000 -112.70000
-45.20000 -113.30000
-48.30000 -114.10000
-50.00000 -115.00000
-49.60000 -116.40000
-50.80000 -117.00000
-53.20000 -118.40000
-53.30000 -118.00000
-54.50000 -119.00000
-54.30000 -120.50000
-55.80000 -122.30000
-54.70000 -126.40000
-55.30000 -127.00000
-54.90000 -128.70000
-54.10000 -132.39999
-54.90000 -133.00000
-54.00000 -136.89999
-55.00000 -137.60001
-54.90000 -137.89999
-56.20000 -139.20000
-56.00000 -139.89999
-56.80000 -140.80000
-55.70000 -144.70000
-57.30000 -146.60001
-57.10000 -147.10001
-58.70000 -149.30000
-58.80000 -149.10001
-60.00000 -150.80000
-59.60000 -152.10001
-63.10000 -157.50000
-61.70000 -161.30000
-63.30000 -164.39999
-62.80000 -165.89999
-65.10000 -170.80000
-64.70000 -171.89999
-66.70000 -177.70000
> >
-65.75180 -179.89700
-66.10200 -178.94299
-66.37050 -178.34500
-66.53780 -177.97099
> >
-61.43290 161.01601
-61.65910 161.31300
-61.94540 161.49600
-61.71590 162.01100
-61.55640 162.42900
-61.37840 162.94200
-61.26190 163.22800
-61.61830 164.20200
-62.02380 165.19501
-62.42370 166.11099
-62.93960 167.21500
-63.18190 167.87000
-63.31140 168.35800
-63.00690 168.91200
-62.71690 169.54100
-62.40720 170.34000
-62.84300 170.74699
-63.28880 171.03900
-63.67760 171.29500
-64.14390 171.64400
-64.40700 171.86501
-64.15720 172.87100
-63.92870 173.55499
-63.77330 174.20000
-63.60800 174.69501
-63.97050 175.64999
-64.41050 176.73500
-64.90020 177.93201
-65.34150 179.07401
> >
-61.40000 160.89999
-59.70000 158.80000
-59.60000 158.80000
-59.50000 158.60001
-59.40000 158.50000
-59.30000 158.50000
-59.20000 158.39999
-59.10000 158.30000
-59.00000 158.20000
-58.90000 158.10001
-58.80000 158.00000
-58.80000 157.89999
-58.70000 157.80000
-58.60000 157.80000
-58.50000 157.70000
-58.40000 157.60001
-58.30000 157.50000
-58.10000 157.30000
-57.90000 157.30000
-57.80000 157.30000
-57.70000 157.39999
-57.50000 157.39999
-57.40000 157.50000
-57.30000 157.60001
-57.20000 157.70000
-57.10000 157.70000
-56.90000 157.70000
-56.80000 157.89999
-56.60000 158.00000
-56.50000 158.10001
-56.40000 158.30000
-56.10000 158.39999
-55.90000 158.60001
-55.80000 158.50000
-55.60000 158.60001
-55.40000 158.70000
-55.30000 158.70000
-55.10000 158.80000
-54.90000 158.89999
-54.70000 159.10001
-54.40000 159.20000
-54.20000 159.30000
-54.10000 159.39999
-53.90000 159.50000
-53.70000 159.70000
-53.50000 159.89999
-52.70000 160.60001
-52.10000 161.10001
-50.90000 162.39999
-50.30000 163.30000
-49.70000 164.10001
-49.10000 164.30000
-48.60000 164.70000
-47.90000 165.30000
> >
55.60000 163.50000
55.40000 163.00000
54.70000 162.50000
54.20000 162.10001
54.00000 161.39999
53.70000 160.50000
53.30000 160.50000
53.30000 160.89999
53.00000 160.89999
52.60000 160.39999
51.90000 159.30000
51.10000 158.39999
50.10000 157.39999
49.50000 157.10001
48.70000 156.50000
47.90000 155.60001
47.20000 154.60001
46.40000 153.20000
45.40000 151.39999
44.70000 150.30000
43.70000 148.70000
42.70000 147.20000
41.50000 145.89999
40.50000 145.20000
39.80000 144.60001
38.70000 144.00000
> >
25.10000 60.00000
25.10000 60.20000
25.20000 60.30000
25.10000 60.40000
25.10000 60.60000
25.10000 60.80000
25.20000 61.00000
25.20000 61.20000
25.10000 61.40000
25.10000 61.60000
25.10000 61.90000
25.10000 62.10000
25.10000 62.30000
25.20000 62.50000
25.20000 62.70000
25.10000 62.90000
25.10000 63.10000
25.10000 63.30000
25.10000 63.60000
25.10000 63.80000
25.10000 64.00000
25.10000 64.20000
25.10000 64.40000
25.10000 64.60000
25.10000 64.80000
25.20000 65.00000
25.40000 65.20000
25.60000 65.30000
25.80000 65.50000
26.00000 65.70000
26.20000 65.80000
26.50000 66.00000
26.70000 66.10000
27.00000 66.30000
27.20000 66.50000
27.40000 66.60000
27.60000 66.80000
27.80000 67.00000
28.10000 67.10000
28.30000 67.30000
28.50000 67.50000
28.70000 67.60000
28.90000 67.80000
29.10000 68.00000
29.40000 68.20000
29.60000 68.30000
29.80000 68.50000
30.10000 68.70000
30.20000 68.90000
30.50000 69.00000
30.60000 69.20000
30.90000 69.40000
31.10000 69.60000
31.40000 69.80000
31.60000 69.90000
32.00000 70.10000
32.10000 70.30000
32.20000 70.50000
32.40000 70.70000
32.60000 70.90000
32.90000 71.10000
33.10000 71.30000
33.30000 71.50000
33.70000 71.60000
34.00000 71.80000
34.40000 72.00000
34.70000 72.20000
35.10000 72.30000
> >
25.10000 -109.70000
25.30000 -109.80000
25.50000 -109.90000
25.60000 -110.00000
25.80000 -110.10000
26.00000 -110.30000
26.00000 -110.30000
26.10000 -110.30000
26.20000 -110.40000
26.40000 -110.50000
26.60000 -110.70000
26.80000 -110.90000
27.10000 -111.10000
27.30000 -111.30000
27.50000 -111.50000
27.70000 -111.60000
27.90000 -111.80000
28.00000 -111.90000
28.30000 -112.10000
28.50000 -112.30000
28.80000 -112.50000
29.10000 -112.70000
29.50000 -113.10000
29.70000 -113.30000
29.90000 -113.50000
30.10000 -113.60000
30.50000 -113.90000
30.80000 -114.20000
31.00000 -114.30000
31.30000 -114.40000
31.60000 -114.50000
31.80000 -114.70000
31.90000 -114.70000
32.10000 -114.90000
32.30000 -115.10000
32.50000 -115.30000
> >
40.35560 -125.01100
40.29610 -124.77400
40.26470 -124.51200
40.15110 -124.27100
40.04630 -124.10800
39.90840 -124.03900
39.77650 -124.02900
39.63200 -124.00900
39.41150 -123.94700
39.18140 -123.83600
38.98170 -123.71200
38.77740 -123.50900
38.54870 -123.28300
38.39850 -123.08900
38.18770 -122.92900
38.01550 -122.79600
37.86950 -122.64500
37.52070 -122.36900
37.32260 -122.18900
37.15330 -121.99500
37.05670 -121.81900
36.87900 -121.58900
36.71380 -121.35400
36.51080 -121.11300
36.23720 -120.82700
35.93650 -120.48700
35.76560 -120.32700
35.51820 -120.07300
35.28210 -119.86000
35.09910 -119.64900
34.93010 -119.41000
34.83550 -119.09800
34.79000 -118.88000
34.66190 -118.45500
34.54320 -118.10500
34.34840 -117.65300
34.14140 -117.23200
34.05690 -117.01000
34.01520 -116.87000
34.03310 -116.67900
33.97270 -116.52100
33.82950 -116.31300
33.62580 -116.05500
33.42970 -115.82400
33.33550 -115.71200
33.10280 -115.57800
32.96010 -115.55300
32.91430 -115.54700
32.78450 -115.45000
32.65320 -115.33200
> >
51.95830 -130.95300
51.73860 -130.66100
51.51930 -130.39799
51.37190 -130.25301
51.28650 -130.16600
51.21890 -130.09399
51.15340 -129.99001
51.09680 -129.89600
50.97900 -129.80499
50.85600 -129.73100
50.69100 -129.57600
50.51780 -129.43900
50.36480 -129.32300
50.23460 -129.19901
50.05810 -129.02000
49.93080 -128.87100
49.86070 -128.74100
49.79710 -128.45000
49.72350 -128.22701
49.66060 -128.04601
49.61380 -127.91500
49.55010 -127.82900
49.45060 -127.70900
49.33920 -127.61000
49.23330 -127.57200
49.07400 -127.51800
48.98110 -127.51900
48.90630 -127.47400
48.79900 -127.37700
48.72900 -127.29500
48.63000 -127.11100
48.52560 -126.94900
48.42510 -126.79600
48.32730 -126.66700
48.22120 -126.53900
48.09610 -126.42200
47.96560 -126.35700
47.82130 -126.29900
47.61780 -126.22300
47.42030 -126.14000
47.25360 -126.05600
47.07120 -125.96600
46.88970 -125.88600
46.72570 -125.83000
46.49410 -125.73100
46.32880 -125.66000
46.14210 -125.59100
45.90520 -125.50600
45.61250 -125.45600
45.36250 -125.43000
45.11720 -125.40900
44.88260 -125.43800
44.64840 -125.43700
44.43060 -125.45100
44.17160 -125.49000
43.90840 -125.51400
43.66430 -125.50800
43.41610 -125.48000
43.16350 -125.40900
42.92760 -125.32100
42.73720 -125.28200
42.61180 -125.23500
42.52850 -125.26100
42.43270 -125.22800
42.33550 -125.23000
42.27450 -125.27300
42.20770 -125.34700
42.13750 -125.37400
42.00780 -125.32800
41.76130 -125.23000
41.42730 -125.11800
41.12340 -124.99100
40.86920 -124.92400
40.66780 -124.85300
40.54130 -124.80600
40.46400 -124.76900
> >
51.16250 -130.01601
50.85960 -130.39600
> >
50.85950 -130.38200
50.40140 -129.90100
> >
50.23560 -130.02699
50.14550 -130.11800
50.08490 -130.17400
> >
50.09070 -130.07700
50.01310 -130.12601
> >
49.98530 -130.06799
49.93610 -130.10800
> >
49.92120 -130.02100
49.85750 -130.05200
49.78860 -130.10201
49.69770 -130.18700
49.59220 -130.26801
49.49290 -130.33800
49.39190 -130.39101
49.31680 -130.39400
49.27060 -130.39900
> >
49.28440 -130.29700
49.15570 -129.89301
48.99510 -129.35100
48.88590 -128.98100
48.85690 -128.84399
> >
48.95030 -128.70799
48.82690 -128.75700
48.69930 -128.81799
48.58360 -128.90700
48.46630 -128.99600
48.34300 -129.04300
48.26230 -129.05600
> >
48.50940 -128.84599
48.39240 -128.82700
48.24730 -128.85800
48.12090 -128.92101
48.00100 -128.98599
47.90110 -129.03400
47.80340 -129.05800
47.71370 -129.06200
47.63190 -129.06900
> >
47.73260 -128.87900
47.62920 -128.88901
47.51050 -128.91200
47.33720 -128.99800
47.14690 -129.08400
46.94100 -129.21700
46.75790 -129.33701
46.60730 -129.43900
46.49800 -129.52000
46.41900 -129.58000
> >
46.43480 -129.63600
46.30020 -129.75000
46.16660 -129.85100
> >
46.15720 -129.90199
46.08870 -129.93201
46.02270 -129.94099
45.89480 -129.95300
> >
45.83180 -129.83501
45.76840 -129.85400
45.67670 -129.87399
45.62280 -129.85201
45.53520 -129.88800
45.47020 -129.92000
45.39110 -129.97800
45.30630 -130.03999
45.25530 -130.07899
45.23410 -130.09599
> >
45.24760 -130.00200
45.13990 -130.09500
44.99930 -130.20500
44.91230 -130.25700
44.80650 -130.30299
44.69190 -130.34399
44.59110 -130.34700
44.48140 -130.35100
> >
44.43650 -130.32700
44.14630 -129.58701
43.62710 -128.22099
43.22150 -127.19900
42.97330 -126.51100
> >
42.96290 -126.50700
42.70460 -126.68700
42.46310 -126.85100
42.15610 -127.01400
41.92840 -127.10800
41.78110 -127.15500
41.70110 -127.17100
41.61350 -127.18200
> >
41.61500 -127.17600
41.58390 -127.43800
> >
41.59460 -127.44000
41.31910 -127.51100
41.14270 -127.54200
40.94140 -127.56700
40.78550 -127.59000
40.61980 -127.60000
40.46610 -127.61300
> >
40.45070 -127.60900
40.42840 -127.18200
40.41950 -126.69200
40.41100 -126.26500
40.40330 -125.91700
40.39240 -125.55700
40.39120 -125.24100
40.37040 -124.98700
40.36100 -124.79500
40.32760 -124.67800
> >
27.90000 34.20000
28.40000 34.50000
29.00000 34.70000
29.50000 34.90000
30.00000 34.90000
30.80000 34.90000
31.30000 35.00000
32.10000 35.00000
32.90000 35.20000
34.00000 35.50000
34.90000 35.70000
35.70000 35.80000
36.00000 35.80000
> >
35.90000 35.60000
35.60000 35.20000
35.00000 34.50000
34.60000 34.00000
34.20000 32.90000
34.30000 32.30000
34.90000 31.40000
35.40000 30.90000
35.80000 30.30000
35.70000 29.80000
35.20000 29.20000
34.80000 28.20000
34.50000 27.40000
34.40000 26.70000
34.30000 25.70000
34.20000 24.60000
34.40000 23.70000
34.70000 23.00000
35.20000 22.20000
35.80000 21.60000
36.50000 20.90000
37.30000 20.50000
38.20000 20.00000
39.10000 19.70000
39.90000 19.40000
40.20000 18.90000
39.70000 18.20000
38.90000 17.30000
38.30000 16.60000
37.70000 16.00000
36.90000 15.30000
36.50000 14.40000
36.50000 13.70000
36.50000 12.90000
> >
38.00000 43.60000
37.60000 44.00000
37.20000 44.30000
36.40000 44.90000
36.00000 45.40000
35.50000 45.90000
35.00000 46.40000
34.10000 47.10000
33.50000 47.70000
32.80000 48.10000
32.10000 48.70000
31.30000 49.30000
30.40000 49.80000
29.70000 50.40000
28.70000 51.20000
28.00000 51.80000
27.30000 52.40000
26.50000 53.30000
26.30000 54.30000
26.20000 55.10000
26.00000 56.00000
25.80000 57.00000
25.60000 58.10000
25.40000 58.70000
25.40000 59.00000
25.20000 59.80000
> >
75.70000 7.70000
76.10000 7.40000
76.40000 7.60000
76.80000 7.60000
77.30000 7.20000
77.70000 7.20000
78.10000 7.00000
78.40000 6.50000
78.80000 5.50000
79.20000 4.20000
79.50000 2.70000
79.80000 1.50000
80.10000 0.00000
80.40000 -1.50000
80.60000 -2.70000
80.90000 -4.10000
81.20000 -5.50000
81.30000 -5.90000
81.50000 -6.40000
81.70000 -6.60000
82.00000 -7.20000
82.30000 -7.00000
82.70000 -7.30000
83.20000 -6.60000
83.60000 -5.40000
84.00000 -2.70000
84.40000 0.70000
84.90000 4.70000
85.40000 11.20000
85.80000 17.40000
86.20000 25.10000
86.30000 32.40000
86.60000 38.50000
86.80000 47.90000
86.80000 61.80000
86.60000 70.50000
86.30000 77.60000
86.10000 83.10000
85.70000 89.70000
85.40000 94.60000
85.10000 100.40000
84.90000 105.10000
84.60000 109.60000
84.20000 114.00000
83.70000 117.70000
83.10000 117.60000
82.50000 119.10000
81.90000 119.80000
81.20000 121.10000
80.70000 121.80000
80.10000 123.10000
79.70000 124.00000
79.20000 125.00000
78.80000 125.90000
78.30000 126.60000
78.00000 127.40000
77.70000 127.60000
> >
37.70000 143.39999
36.40000 142.39999
35.50000 141.30000
35.10000 140.60001
> >
-35.00000 -111.50000
-35.50000 -111.50000
-36.10000 -111.50000
-36.70000 -111.60000
-37.30000 -111.60000
-37.80000 -111.70000
-38.40000 -111.70000
> >
51.80000 -131.80000
51.60000 -131.30000
51.40000 -130.80000
51.30000 -130.30000
51.20000 -129.80000
> >
3.70000 93.60000
3.50000 93.80000
3.40000 93.90000
3.20000 94.10000
3.10000 94.20000
2.90000 94.40000
> >
15.50000 -87.50000
14.80000 -88.40000
14.30000 -89.10000
13.80000 -89.70000
13.20000 -90.30000
12.80000 -90.80000
> >
-47.00000 165.89999
-46.00000 166.50000
-45.20000 167.30000
-44.70000 167.80000
-44.10000 169.00000
-43.70000 169.89999
-43.20000 171.00000
-42.60000 172.20000
-42.00000 173.30000
-41.70000 174.39999
> >
-15.07800 -179.71899
-14.94040 -178.81200
-14.64000 -177.73300
-14.55940 -176.56200
-14.31570 -175.21899
-14.27150 -174.04800
-14.30330 -172.57600
-14.27500 -171.67000
> >
-23.21670 170.02499
-23.37520 170.30600
-23.50330 171.09801
-23.26650 171.76100
-22.75110 172.44600
-22.18070 173.03700
-21.41470 173.63000
-20.61010 174.31700
-19.85410 174.94800
-19.07680 175.59801
-18.41950 176.05701
-17.65220 176.55600
-16.93590 177.07201
-16.12880 177.87300
-15.75400 178.57500
-15.50590 179.27600
> >
77.50000 127.60000
76.90000 127.80000
76.20000 128.10001
75.60000 128.30000
75.00000 128.60001
74.70000 128.89999
74.50000 129.30000
74.30000 129.70000
74.00000 130.00000
73.90000 130.39999
73.70000 130.70000
73.60000 131.00000
73.50000 131.39999
72.90000 132.30000
72.20000 133.20000
71.60000 134.10001
71.00000 135.00000
70.70000 135.30000
70.50000 135.70000
70.20000 136.00000
70.00000 136.30000
69.60000 137.20000
69.10000 138.10001
68.70000 139.10001
68.30000 140.00000
67.70000 141.30000
67.10000 142.50000
66.60000 143.70000
66.00000 145.00000
65.70000 145.39999
65.50000 145.70000
65.30000 146.00000
65.00000 146.39999
64.40000 147.30000
63.90000 148.20000
63.30000 149.10001
62.70000 150.00000
62.10000 150.80000
61.40000 151.60001
60.70000 152.39999
60.00000 153.20000
59.90000 152.89999
59.70000 152.70000
59.60000 152.39999
59.50000 152.10001
59.40000 152.10001
59.30000 152.10001
59.10000 152.10001
59.00000 152.10001
58.70000 151.60001
58.50000 151.10001
58.20000 150.50000
58.00000 150.00000
57.40000 148.80000
56.80000 147.50000
56.20000 146.20000
55.60000 145.00000
55.50000 144.89999
55.30000 144.70000
55.20000 144.50000
55.00000 144.39999
54.60000 144.10001
54.20000 143.80000
53.90000 143.50000
53.50000 143.20000
52.60000 143.00000
51.80000 142.80000
50.90000 142.70000
50.00000 142.50000
48.80000 142.39999
47.50000 142.30000
46.20000 142.20000
45.00000 142.10001
44.00000 142.39999
43.00000 142.80000
42.00000 143.20000
41.00000 143.50000
40.70000 143.50000
40.50000 143.39999
40.30000 143.39999
40.00000 143.39999
39.80000 143.39999
39.50000 143.39999
39.20000 143.39999
39.00000 143.39999
38.80000 143.39999
38.50000 143.39999
38.30000 143.39999
38.00000 143.39999
> >
10.90000 -61.20000
11.30000 -60.90000
12.10000 -60.40000
12.70000 -60.00000
> >
-45.80000 -76.20000
-46.90000 -76.00000
-47.70000 -75.90000
-48.80000 -75.70000
-49.60000 -75.40000
-50.70000 -75.40000
-51.90000 -75.30000
-53.00000 -75.20000
> >
-55.00000 -27.00000
-55.20000 -26.50000
-55.40000 -26.00000
-55.50000 -25.50000
-55.70000 -25.00000
-55.80000 -24.80000
-55.90000 -24.50000
-56.00000 -24.20000
-56.10000 -24.00000
-56.60000 -23.70000
-57.00000 -23.40000
-57.50000 -23.10000
-58.00000 -22.80000
-58.40000 -23.10000
-58.80000 -23.40000
-59.20000 -23.70000
-59.60000 -24.00000
> >
36.70000 11.90000
37.10000 11.20000
37.30000 10.40000
37.30000 9.50000
37.20000 8.70000
37.00000 7.80000
37.10000 7.00000
37.10000 5.70000
36.90000 4.70000
36.90000 3.40000
36.70000 2.40000
36.50000 1.10000
36.30000 0.50000
36.00000 -0.40000
35.70000 -1.30000
35.60000 -2.20000
35.70000 -3.20000
35.90000 -4.00000
36.10000 -4.90000
35.80000 -5.40000
> >
36.40000 35.90000
36.70000 36.30000
37.20000 36.80000
37.50000 37.40000
37.90000 37.90000
38.20000 38.50000
38.40000 39.00000
38.70000 39.50000
39.00000 40.10000
39.20000 40.70000
39.20000 41.60000
38.90000 42.30000
38.30000 43.00000
> >
35.10000 72.60000
35.00000 72.80000
34.90000 73.10000
34.80000 73.30000
34.70000 73.60000
34.40000 73.80000
34.20000 74.10000
34.00000 74.40000
33.80000 74.60000
33.60000 74.90000
33.40000 75.10000
33.30000 75.40000
33.10000 75.60000
32.90000 75.90000
32.80000 76.10000
32.60000 76.40000
32.40000 76.60000
32.20000 76.80000
31.90000 77.10000
31.80000 77.30000
31.60000 77.60000
31.40000 77.80000
31.30000 78.00000
31.10000 78.30000
31.00000 78.50000
30.80000 78.80000
30.60000 79.00000
30.50000 79.20000
30.30000 79.40000
30.20000 79.70000
30.00000 79.90000
29.80000 80.10000
29.70000 80.40000
29.50000 80.60000
29.40000 80.80000
29.30000 81.00000
29.20000 81.20000
29.10000 81.50000
28.90000 81.70000
28.80000 81.90000
28.70000 82.10000
28.60000 82.30000
28.50000 82.60000
28.40000 82.80000
28.30000 83.00000
28.20000 83.20000
28.10000 83.40000
28.00000 83.60000
27.90000 83.80000
27.90000 84.10000
27.80000 84.30000
27.70000 84.50000
27.70000 84.70000
27.60000 84.90000
27.50000 85.10000
27.50000 85.30000
27.40000 85.50000
27.30000 85.80000
27.30000 86.00000
27.30000 86.20000
27.20000 86.40000
27.20000 86.60000
27.20000 86.80000
27.10000 87.00000
27.10000 87.20000
27.10000 87.40000
27.00000 87.80000
27.00000 88.30000
27.00000 88.50000
26.90000 88.70000
26.90000 88.90000
26.90000 89.10000
26.90000 89.50000
26.90000 89.70000
26.90000 89.90000
26.90000 90.20000
27.00000 90.40000
27.00000 90.60000
27.00000 90.80000
27.00000 91.00000
27.00000 91.20000
27.00000 91.40000
27.00000 91.60000
27.00000 91.90000
27.00000 92.10000
27.00000 92.30000
27.10000 92.50000
27.10000 92.70000
27.10000 92.90000
27.10000 93.10000
27.10000 93.30000
27.10000 93.60000
27.10000 94.00000
27.10000 94.20000
27.10000 94.40000
27.10000 94.60000
27.10000 94.80000
27.10000 95.00000
27.20000 95.30000
27.20000 95.50000
27.20000 95.70000
26.80000 95.70000
26.50000 95.60000
26.30000 95.40000
26.10000 95.30000
25.90000 95.20000
25.80000 95.10000
> >
25.70000 95.00000
25.50000 94.80000
25.30000 94.70000
24.90000 94.50000
24.70000 94.50000
24.40000 94.40000
23.90000 94.30000
23.50000 94.20000
23.40000 94.20000
23.10000 94.20000
22.70000 94.10000
22.60000 94.10000
22.40000 94.00000
21.80000 94.00000
21.80000 94.00000
21.10000 93.90000
21.00000 93.90000
20.90000 93.90000
20.60000 93.90000
20.60000 93.90000
20.30000 93.80000
20.20000 93.80000
20.10000 93.80000
> >
16.80000 94.10000
16.60000 93.80000
16.00000 93.70000
15.00000 93.50000
14.40000 93.20000
13.80000 92.80000
13.10000 92.30000
> >
-9.30000 123.30000
-7.90000 124.50000
-7.50000 125.80000
-7.40000 127.90000
-7.20000 130.00000
-6.10000 131.30000
> >
-4.60000 131.10001
-3.40000 130.70000
-1.80000 130.60001
-0.30000 130.70000
1.10000 130.89999
> >
-41.60000 175.30000
-41.10000 176.39999
-40.70000 176.89999
-39.40000 178.20000
-38.70000 178.80000
-37.40000 179.60001
> >
-35.80000 -179.20000
-34.40000 -178.50000
-33.30000 -178.00000
-31.70000 -177.10001
-31.10000 -176.89999
-29.80000 -176.20000
-28.60000 -175.70000
-27.20000 -175.10001
-25.40000 -174.50000
-23.60000 -173.80000
-22.60000 -173.50000
-21.40000 -172.89999
-19.70000 -172.10001
-18.10000 -171.39999
-16.80000 -171.10001
-15.40000 -171.10001
> >
-23.10000 169.89999
-22.10000 169.10001
-21.00000 168.39999
-20.00000 168.00000
-19.00000 167.39999
-17.80000 166.89999
-16.80000 166.39999
-15.00000 165.80000
-13.60000 165.39999
-12.20000 164.80000
-11.80000 163.80000
-11.70000 162.89999
-11.60000 161.70000
-11.00000 160.50000
-10.40000 159.50000
-10.00000 158.50000
-9.60000 157.70000
-8.90000 156.60001
-8.00000 155.30000
-7.20000 154.20000
-6.70000 153.20000
> >
-6.70000 152.39999
-6.90000 151.30000
-7.10000 150.50000
-7.30000 149.70000
-7.50000 148.60001
-7.30000 147.50000
-6.70000 147.00000
-5.90000 146.60001
-5.20000 146.10001
-4.40000 145.50000
-3.60000 144.60001
-3.00000 143.80000
-2.30000 142.70000
-1.90000 141.39999
-1.70000 140.10001
-1.60000 139.10001
-1.40000 137.80000
-1.40000 136.80000
> >
51.80000 -131.80000
53.40000 -134.10001
55.20000 -135.70000
56.90000 -137.50000
58.40000 -139.60001
> >
13.10000 -59.90000
13.60000 -59.70000
14.10000 -59.60000
14.50000 -59.40000
14.90000 -59.30000
15.60000 -59.30000
16.30000 -59.40000
16.90000 -59.80000
17.40000 -60.30000
18.00000 -61.00000
18.60000 -61.80000
19.00000 -62.50000
19.40000 -63.40000
19.60000 -64.10000
19.70000 -65.00000

