Colombia/Ecuador 58 550 929 822 1446 138 169 233 1022 883
Northern Peru Gap 73 550 NaN NaN NaN NaN NaN 167 980 887
Central Peru Gap 64 550 NaN NaN NaN NaN NaN 169 1033 886
Peru 71 550 839 597 1436 92 99 139 975 730
North Chile 79 550 863 592 1450 106 106 124 956 660
North-Central Chile 69 550 849 627 1443 96 142 132 961 722
Central Chile Gap 70 550 NaN NaN NaN NaN NaN 142 1010 844
Central Chile 67 550 806 629 1417 92 107 177 990 807
South-Central Chile 67 550 771 554 1379 87 71 178 976 752
South Chile 56 550 879 728 1432 86 98 246 1038 902
Mexico 59 550 899 718 1417 83 233 334 1081 956
Guatemala/El Salvador 63 550 875 672 1444 102 69 200 971 773
Nicaragua 63 550 873 654 1457 124 89 163 962 687
Costa Rica 58 550 763 388 1383 71 17 159 917 656
North Cascadia 57 550 855 778 1312 72 120 397 1071 1009
Central Cascadia 51 550 881 723 1285 81 60 397 1141 1046
Alaska 62 550 792 569 1369 73 142 192 948 688
Alaska Peninsula 67 550 792 499 1413 85 51 153 933 614
East Aleutians 71 550 781 434 1406 82 33 132 929 582
Central Aleutians 71 550 775 391 1390 76 22 129 907 570
West Aleutians 65 550 787 484 1395 76 28 140 910 608
Kamchatka 90 550 741 262 1418 94 17 47 876 385
North Kurile 72 550 757 238 1405 91 32 45 855 391
South Kurile 94 550 673 182 1201 92 4 37 890 383
Hokkaido 92 550 744 277 1422 96 22 43 892 397
North Honshu 90 550 759 323 1413 94 37 44 866 422
Central Honshu 93 550 732 223 1398 92 16 49 862 397
Izu 78 550 766 486 1376 99 51 56 873 470
Bonin 73 550 791 597 1375 103 59 67 858 512
North Marianas 68 550 849 733 1429 101 62 104 895 638
South Marianas 89 550 817 534 1447 120 55 47 857 430
Nankai 58 550  NaN NaN NaN NaN NaN  262 1014 881
Kyushu 72 550 812 471 1434 91 39 136 900 559
Ryukyu 70 550 770 366 1372 73 28 143 946 624
North Philippines 73 550 837 537 1450 111 62 143 918 623
South Philippines 71 550 853 594 1458 129 49 114 899 529
New Britain 55 550 827 524 1449 94 41 158 930 635
Solomon 81 550 810 499 1380 112 27 148 901 573
North Vanuatu 54 550 872 649 1450 100 39 170 935 628
South Vanuatu 68 550 776 278 1439 76 12 109 890 490
Tonga 129 550 301 144 1350 60 -6 22 871 253
Kermadec 82 550 796 482 1387 80 45 39 864 400
New Zealand 71 550 799 603 1432 101 67 79 871 540
North Sumatra 61 550 797 629 1424 95 89 193 939 693
Central Sumatra 61 550 793 600 1395 82 67 186 941 680
South Sumatra 70 550 759 422 1384 79 30 102 894 508
Sunda Strait 80 550 755 330 1402 84 23 72 863 439
Java 86 550 801 497 1458 125 71 55 891 401
Bali/Lombok 87 550 808 519 1458 144 88 51 887 387
West Banda Sea 86 550 778 354 1437 99 32 63 850 385
East Banda Sea 66 550 818 662 1421 98 76 92 886 604
North Lesser Antilles 72 550 761 601 1302 83 44 116 892 652
South Lesser Antilles 72 550 793 665 1333 90 69 97 891 681
Scotia 56 550 833 511 1443 78 42 129 935 575
Aegean 78 550 726 607 1295 81 67 102 907 707
Calabria 75 550 NaN NaN NaN NaN NaN 79 867 511
