# model d80 from Table 3 in Syracuse, van Keken and Abers (2010)
Colombia_Ecuador 80 806 959 823 1451 119 115 267 1022 903
Northern Peru Gap 80 748  NaN NaN NaN NaN NaN  191 980 905
Central Peru Gap 80 795  NaN NaN NaN NaN NaN  197 1033 890
Peru 80 793 861 622 1436 93 78 164 975 725
North Chile 80 808 875 626 1450 106 104 148 956 658
North-Central Chile 80 773 861 633 1443 98 112 157 961 711
Central Chile Gap 80 716  NaN NaN NaN NaN NaN  164 1010 843
Central Chile 80 599 784 570 1417 95 77 176 990 732
South-Central Chile 80 630 763 523 1387 83 38 203 976 756
South Chile 80 773 899 690 1428 92 43 278 1038 887
Mexico 80 760 760 676 1410 91 25 334 1081 954
Guatemala/El Salvador 80 744 891 656 1444 108 44 224 971 758
Nicaragua 80 478 876 646 1457 129 59 163 962 673
Costa Rica 80 481 690 363 1231 82 5 159 917 642
North Cascadia 80 749 936 811 1321 82 31 387 1094 1029
Central Cascadia 80 741 888 781 1291 79 31 397 1141 1043
Alaska 80 741 808 530 1353 81 27 221 948 675
Alaska Peninsula 80 692 791 476 1407 90 32 176 939 602
East Aleut 80 683 774 422 1397 87 23 152 929 571
Central Aleutians 80 689 763 381 1356 82 12 149 907 558
West Aleutians 80 697 792 461 1371 85 14 164 910 596
Kamchatka 80 617 720 306 1419 90 27 62 876 382
North Kurile 80 620 713 286 1407 87 23 53 855 388
South Kurile 80 612 695 250 1392 84 17 52 890 382
Hokkaido 80 611 720 327 1422 93 32 59 892 394
North Honshu 80 621 721 360 1413 93 54 62 866 417
Central Honshu 80 617 704 292 1402 87 34 67 862 394
Izu 80 480 743 462 1377 100 49 60 873 460
Bonin 80 510 787 582 1375 107 51 72 858 501
North Marianas 80 559 860 731 1430 107 52 107 895 630
South Marianas 80 470 790 528 1446 117 68 49 857 428
Nankai 80 607  NaN NaN NaN NaN NaN  262 1014 898
Kyushu 80 698 805 463 1431 94 31 156 900 549
Ryukyu 80 709 749 354 1279 81 16 165 946 613
North Philippines 80 687 833 534 1450 113 54 164 918 612
South Philippines 80 685 852 593 1459 131 43 131 899 520
New Britain 80 504 818 488 1452 103 24 164 930 620
Solomon 80 480 793 488 1380 112 28 152 901 566
North Vanuatu 80 598 882 635 1454 111 30 176 935 615
South Vanuatu 80 494 720 257 1390 86 7 114 890 478
Tonga 80 366 699 182 1451 100 32 24 871 265
Kermadec 80 476 773 463 1376 80 46 42 864 392
New Zealand 80 656 804 600 1431 105 54 102 871 530
North Sumatra 80 630 815 622 1423 100 58 220 939 684
Central Sumatra 80 679 812 587 1389 88 37 218 941 671
South Sumatra 80 664 749 404 1368 84 19 127 894 497
Sunda Strait 80 644 730 341 1394 86 23 90 863 431
Java 80 632 781 495 1457 124 78 70 891 396
Bali/Lombok 80 628 786 516 1457 144 96 67 887 382
West Banda Sea 80 648 752 372 1436 98 38 78 850 381
East Banda Sea 80 700 847 675 1420 103 56 123 886 601
North Lesser Antilles 80 542 756 582 1296 88 36 119 892 644
South Lesser Antilles 80 528 794 652 1331 94 56 101 891 673
Scotia 80 627 839 459 1445 89 20 135 935 563
Aegean 80 426 709 610 1275 84 65 102 907 704
Calabria 80 349 NaN NaN NaN NaN NaN  79 867 499
