Colombia/Ecuador 50 968 987 1003 1300 148 7 267 1094 1493
Peru 115 823 841 869 1300 112 8 164 1008 1493
North Chile 130 853 861 884 1300 128 6 148 986 1493
North-Central Chile 124 848 860 886 1300 121 8 157 1002 1493
Central Chile 113 677 730 767 1300 112 12 176 994 715
South-Central Chile 93 635 717 748 1300 93 12 203 992 1493
South Chile 101 786 858 880 1300 100 8 276 1073 1493
Mexico 102 945 700 715 1300 NaN 9 376 1117 1493
Guatemala/El Salvador 133 810 858 870 1300 136 7 224 997 1491
Nicaragua 162 797 842 853 1300 164 7 183 995 1387
Costa Rica 78 699 753 764 1300 80 6 180 920 1485
North Cascadia 88 898 956 967 1300 87 17 438 1144 1490
Central Cascadia 74 839 912 925 1300 77 43 435 1121 1493
Alaska 89 755 801 819 1300 88 10 221 981 1493
Alaska Peninsula 101 698 758 778 1300 102 10 174 951 1493
East Aleutians 95 676 752 767 1300 95 9 151 934 1492
Central Aleutians 84 676 753 766 1300 85 8 149 906 1490
West Aleutians 88 677 782 791 1300 91 8 159 920 1486
Kamchatka 99 614 691 702 1300 101 9 62 860 1493
North Kurile 95 627 686 701 1300 97 8 53 835 1493
South Kurile 89 566 665 682 1300 90 8 46 868 1493
Hokkaido 105 566 670 689 1300 106 9 54 879 1493
North Honshu 107 627 681 706 1300 107 10 62 856 1493
Central Honshu 97 610 664 687 1300 97 9 67 841 1493
Izu 120 562 742 755 1300 121 10 60 899 1493
Bonin 141 680 832 835 1300 144 10 72 921 1406
North Marianas 157 786 916 920 1300 160 12 107 974 877
South Marianas 151 573 759 764 1300 155 9 49 848 1493
Kyushu 107 690 773 787 1300 110 8 153 901 1491
Ryukyu 79 691 746 764 1300 79 9 162 946 1493
North Philippines 136 707 764 781 1300 139 7 161 922 1489
South Philippines 178 749 824 835 1300 182 6 129 913 465
New Britain 123 571 755 766 1300 127 7 164 934 1424
Solomon 134 554 760 760 1300 141 8 152 901 1252
North Vanuatu 154 694 879 885 1300 158 6 176 974 579
South Vanuatu 86 492 691 707 1300 89 5 114 881 1295
Tonga 110 402 626 642 1300 114 8 24 825 1493
Kermadec 162 570 739 756 1300 164 7 49 879 535
New Zealand 139 780 840 853 1300 140 9 99 943 1483
North Sumatra 124 694 779 802 1300 124 9 216 1001 1493
Central Sumatra 102 701 804 819 1300 102 11 213 986 1493
South Sumatra 89 656 742 753 1300 91 10 124 902 1493
Sunda Strait 93 634 711 725 1300 94 9 89 856 1493
Java 155 693 775 788 1300 156 7 69 921 1493
Bali/Lombok 179 722 773 788 1300 180 7 65 928 1493
West Banda Sea 114 625 714 728 1300 116 9 77 838 1493
East Banda Sea 134 812 914 919 1300 134 9 105 992 1493
North Lesser Antilles 69 499 743 750 1300 82 48 120 886 1493
South Lesser Antilles 113 302 823 832 1300 114 20 101 939 1493
Scotia 104 655 814 819 1300 107 6 135 957 1417
Aegean 50 308 682 695 1300 79 122 122 876 1493
