Colombia/Ecuador 136 767 974 726 1446 138 25 233 1084 883
Peru 106 583 832 479 1431 104 25 139 1001 714
North Chile 119 610 860 470 1448 120 25 124 980 635
North-Central Chile 116 582 846 482 1439 114 25 132 996 696
Central Chile 106 498 731 507 1403 106 25 177 1017 783
South-Central Chile 86 442 704 468 1379 87 25 178 988 752
South Chile 91 588 872 633 1423 97 25 246 1066 881
Mexico 80 760 760 655 1410 91 25 334 1104 954
Guatemala/El Salvador 103 567 875 590 1442 118 25 200 988 743
Nicaragua 129 567 869 550 1459 145 25 163 985 641
Costa Rica 55 406 758 413 1388 68 25 159 909 658
North Cascadia 83 888 954 800 1316 84 25 438 1138 1030
Central Cascadia 67 801 900 801 1306 74 25 435 1103 1027
Alaska 81 510 788 486 1351 81 25 192 971 675
Alaska Peninsula 86 470 772 420 1403 93 25 153 942 598
East Aleutians 78 434 761 397 1398 85 25 132 927 572
Central Aleutians 69 432 751 387 1387 75 25 129 897 565
West Aleutians 67 449 778 469 1390 78 25 140 907 603
Kamchatka 82 359 709 272 1418 91 25 47 855 381
North Kurile 79 343 702 259 1408 87 25 35 831 388
South Kurile 72 317 690 242 1401 81 25 37 861 387
Hokkaido 88 355 703 267 1418 96 25 43 873 390
North Honshu 98 341 674 255 1404 100 25 44 849 407
Central Honshu 86 328 675 227 1398 90 25 49 837 390
Izu 105 395 711 369 1374 111 25 54 848 448
Bonin 113 587 815 556 1373 124 25 67 896 491
North Marianas 129 709 902 734 1433 135 25 102 954 733
South Marianas 124 481 782 439 1448 136 25 47 843 423
Nankai NaN NaN NaN NaN NaN NaN NaN NaN NaN NaN
Kyushu 86 453 789 413 1430 97 25 134 893 545
Ryukyu 72 433 742 346 1372 72 25 143 942 618
North Philippines 113 505 797 435 1449 126 25 143 916 589
South Philippines 124 523 846 525 1460 150 25 113 904 495
New Britain 79 448 817 485 1452 103 25 158 931 621
Solomon 87 434 789 477 1381 115 25 148 890 562
North Vanuatu 95 559 883 615 1456 117 25 169 949 608
South Vanuatu 97 487 721 249 1400 85 25 114 881 479
Tonga 87 307 689 166 1451 102 25 22 824 263
Kermadec 127 458 778 395 1291 76 25 38 868 371
New Zealand 112 563 829 553 1426 121 25 79 918 520
North Sumatra 108 495 758 506 1414 112 25 191 958 673
Central Sumatra 90 527 801 533 1381 93 25 186 974 667
South Sumatra 74 399 722 378 1376 81 25 98 879 500
Sunda Strait 78 382 718 315 1397 85 25 72 848 432
Java 134 439 777 382 1457 143 25 55 904 369
Bali/Lombok 157 515 791 378 1456 166 25 51 914 344
West Banda Sea 93 387 735 309 1434 103 25 63 832 374
East Banda Sea 114 685 887 656 1414 118 25 92 966 596
North Lesser Antilles 92 537 762 560 1329 94 25 115 912 740
South Lesser Antilles 108 436 819 629 1362 109 25 97 934 801
Scotia 73 530 838 470 1445 85 25 129 946 566
Aegean 104 542 730 554 1283 97 25 102 968 1214
